"","year","total","Under.15","X15.19","X15.17","X18.19","X20.24","X25.29","X30.34","X35.39","X40.44"
"1","2010",17.7,0.5,14.7,8.4,23.6,34.3,26,17.2,9.6,3.5
"2","2009",18.5,0.5,16.3,9.5,25.9,36,27.1,17.7,9.8,3.5
"3","2008",19.4,0.6,17.8,10.4,28.6,38.4,28.6,18.4,10.2,3.4
"4","2007",19.4,0.6,18.2,10.8,29.6,38.4,28.8,18.2,10.1,3.4
"5","2006",20,0.6,18.9,11.2,30.8,39.8,30.1,18.7,10.4,3.4
"6","2005",19.4,0.7,18.7,11.2,30.3,38.7,29.5,18.2,10,3.3
"7","2004",19.7,0.7,19.5,11.6,31.3,39.8,30,18.3,9.8,3.3
"8","2003",20.2,0.7,20.4,12.4,32.5,41.4,30.7,18.6,9.8,3.4
"9","2002",20.5,0.7,21.1,12.7,33.8,42.7,31.3,18.8,9.8,3.4
"10","2001",20.9,0.8,22.5,13.4,36,44.4,31.5,18.7,9.7,3.3
"11","2000",21.3,0.9,24,14.5,37.7,46.3,31.6,18.7,9.7,3.2
"12","1999",21.4,0.9,24.7,15.2,38.6,46.4,31.7,18.3,9.7,3.2
"13","1998",21.5,1,25.8,16.4,40,47,31.7,17.9,9.5,3.2
"14","1997",21.9,1,27.1,17.2,42.6,48.1,31.9,17.7,9.5,3.1
"15","1996",22.4,1.1,28.6,18.6,44,49.3,32.1,17.7,9.7,3.2
"16","1995",22.5,1.2,29.4,19.5,44.8,49.1,31.5,17.5,9.7,3.2
"17","1994",23.7,1.3,31.6,21,47.8,51.9,32.1,18.1,9.9,3.2
"18","1993",25,1.4,33.9,22.2,51.2,54.9,33.2,18.6,10.2,3.2
"19","1992",25.7,1.4,35.2,22.9,53.3,55.9,33.5,18.9,10.3,3.2
"20","1991",26.2,1.4,37.4,24.2,55.7,56.4,33.4,19,10.4,3
"21","1990",27.4,1.5,40.3,26.5,57.9,56.7,33.9,19.7,10.8,3.2
